# oST version 5.0 parameters


[image]

width
640

height
480

[narrow_stereo]

camera matrix
603.743157 0.000000 326.816664
0.000000 600.678989 240.025529
0.000000 0.000000 1.000000

distortion
0.372086 0.233289 0.008033 0.011445 0.000000

rectification
1.000000 0.000000 0.000000
0.000000 1.000000 0.000000
0.000000 0.000000 1.000000

projection
695.365601 0.000000 329.523659 0.000000
0.000000 691.428711 241.857594 0.000000
0.000000 0.000000 1.000000 0.000000
