# oST version 5.0 parameters


[image]

width
640

height
480

[narrow_stereo]

camera matrix
649.893455 0.000000 310.548027
0.000000 639.005815 224.216967
0.000000 0.000000 1.000000

distortion
0.391946 0.769608 0.003532 -0.002006 0.000000

rectification
1.000000 0.000000 0.000000
0.000000 1.000000 0.000000
0.000000 0.000000 1.000000

projection
767.467346 0.000000 311.197758 0.000000
0.000000 751.738098 226.440230 0.000000
0.000000 0.000000 1.000000 0.000000
