# oST version 5.0 parameters


[image]

width
640

height
480

[narrow_stereo]

camera matrix
612.460705 0.000000 317.396986
0.000000 609.289956 246.171216
0.000000 0.000000 1.000000

distortion
0.395204 0.395442 0.003605 -0.002549 0.000000

rectification
1.000000 0.000000 0.000000
0.000000 1.000000 0.000000
0.000000 0.000000 1.000000

projection
713.426941 0.000000 316.445063 0.000000
0.000000 708.631592 246.080313 0.000000
0.000000 0.000000 1.000000 0.000000
