image_width: 1280
image_height: 720
camera_name: narrow_stereo
camera_matrix:
  rows: 3
  cols: 3
  data: [ 634.45495,    0.     ,  688.16469,
            0.     ,  629.48863,  341.8493 ,
            0.     ,    0.     ,    1.     ]
distortion_model: plumb_bob
distortion_coefficients:
  rows: 1
  cols: 5
  data: [-0.046237, 0.017647, 0.000647, 0.012102, 0.000000]
rectification_matrix:
  rows: 3
  cols: 3
  data: [ 1.,  0.,  0.,
          0.,  1.,  0.,
          0.,  0.,  1.]
projection_matrix:
  rows: 3
  cols: 4
  data: [ 611.33362,    0.     ,  714.81   ,    0.     ,
            0.     ,  624.875  ,  342.47737,    0.     ,
            0.     ,    0.     ,    1.     ,    0.     ]
