# oST version 5.0 parameters


[image]

width
640

height
480

[narrow_stereo]

camera matrix
629.645124 0.000000 317.799015
0.000000 631.238465 241.487578
0.000000 0.000000 1.000000

distortion
0.510046 0.219784 -0.011144 0.012442 0.000000

rectification
1.000000 0.000000 0.000000
0.000000 1.000000 0.000000
0.000000 0.000000 1.000000

projection
738.911804 0.000000 321.898421 0.000000
0.000000 742.302246 237.818994 0.000000
0.000000 0.000000 1.000000 0.000000
